0.000010 0.000010 0.999980
0.000010 0.000010 0.999980
0.000010 0.000010 0.999980
0.000012 0.000010 0.999978
0.000010 0.000010 0.999980
0.000010 0.000010 0.999980
0.000010 0.000010 0.999980
0.000010 0.000010 0.999980
0.000012 0.000010 0.999978
0.000010 0.000010 0.999980
0.277196 0.224574 0.498230
0.249108 0.252056 0.498837
0.302505 0.199720 0.497775
0.292994 0.207823 0.499183
0.271766 0.230466 0.497769
0.286363 0.215568 0.498069
0.244954 0.255488 0.499558
0.292306 0.209553 0.498142
0.272305 0.230300 0.497395
0.271035 0.231071 0.497894
0.280106 0.221642 0.498252
0.293462 0.208400 0.498138
0.293795 0.209160 0.497045
0.287075 0.213906 0.499019
0.294850 0.204900 0.500250
0.266077 0.235498 0.498426
0.264091 0.237563 0.498346
0.251878 0.251320 0.496802
0.271591 0.230021 0.498388
0.264911 0.233881 0.501208
0.552264 0.447726 0.000010
0.000011 0.999979 0.000010
0.573486 0.426504 0.000010
0.570645 0.429345 0.000010
0.553711 0.446279 0.000010
0.000010 0.999980 0.000010
0.576032 0.423958 0.000010
0.573420 0.426570 0.000010
0.551301 0.448689 0.000010
0.547353 0.452637 0.000010
0.561508 0.438482 0.000010
0.570962 0.429028 0.000010
0.999980 0.000010 0.000010
0.555163 0.444827 0.000010
0.999980 0.000010 0.000010
0.000010 0.999980 0.000010
0.999980 0.000010 0.000010
0.551644 0.448346 0.000010
0.568300 0.431690 0.000010
0.560963 0.439027 0.000010
0.000010 0.999980 0.000010
0.582649 0.417341 0.000010
0.000010 0.999980 0.000010
0.000010 0.999980 0.000010
0.999980 0.000010 0.000010
0.560331 0.439659 0.000010
0.576987 0.423003 0.000010
0.543526 0.456464 0.000010
0.547421 0.452569 0.000010
0.569258 0.430732 0.000010
