0.000010 0.000010 0.999980
0.000010 0.000010 0.999980
0.000010 0.000010 0.999980
0.000010 0.000010 0.999980
0.000010 0.000010 0.999980
0.000010 0.000010 0.999980
0.000010 0.000010 0.999980
0.000010 0.000010 0.999980
0.000010 0.000010 0.999980
0.000010 0.000010 0.999980
0.000010 0.000010 0.999980
0.000010 0.000010 0.999980
0.000010 0.000010 0.999980
0.000010 0.000010 0.999980
0.000010 0.000010 0.999980
0.000010 0.000010 0.999980
0.000010 0.000010 0.999980
0.000010 0.000010 0.999980
0.000010 0.000010 0.999980
0.000010 0.000010 0.999980
0.000010 0.000010 0.999980
0.000010 0.000010 0.999980
0.000010 0.000010 0.999980
0.000010 0.000010 0.999980
0.000010 0.000010 0.999980
0.000010 0.000010 0.999980
0.000010 0.000010 0.999980
0.000010 0.000010 0.999980
0.000010 0.000010 0.999980
0.000010 0.000010 0.999980
0.000010 0.000010 0.999980
0.000010 0.000010 0.999980
0.000010 0.000010 0.999980
0.000010 0.000010 0.999980
0.000010 0.000010 0.999980
0.000010 0.000010 0.999980
0.000010 0.000010 0.999980
0.000010 0.000010 0.999980
0.000010 0.000010 0.999980
0.000010 0.000010 0.999980
0.000010 0.000010 0.999980
0.000010 0.000010 0.999980
0.000010 0.000010 0.999980
0.000010 0.000010 0.999980
0.000010 0.000010 0.999980
0.000010 0.000010 0.999980
0.000010 0.000010 0.999980
0.000010 0.000010 0.999980
0.000010 0.000010 0.999980
0.000010 0.000010 0.999980
0.000010 0.000010 0.999980
0.000010 0.000010 0.999980
0.000010 0.000010 0.999980
0.000010 0.000010 0.999980
0.000010 0.000010 0.999980
0.000010 0.000010 0.999980
0.000010 0.000010 0.999980
0.000010 0.000010 0.999980
0.000010 0.000010 0.999980
0.000010 0.005207 0.994783
0.000010 0.016201 0.983789
0.000010 0.012938 0.987052
0.000010 0.010455 0.989535
0.000010 0.018395 0.981595
0.000010 0.017212 0.982778
0.000010 0.022803 0.977187
0.000010 0.020384 0.979606
0.000010 0.030398 0.969592
0.000010 0.031960 0.968030
0.000010 0.032512 0.967478
0.000010 0.034703 0.965287
0.000010 0.041628 0.958362
0.000010 0.037654 0.962336
0.000010 0.049384 0.950606
0.000010 0.037185 0.962805
0.000010 0.054573 0.945417
0.000010 0.050926 0.949064
0.000010 0.054040 0.945950
0.000010 0.052909 0.947081
0.000010 0.059887 0.940103
0.000010 0.065248 0.934742
0.000010 0.064715 0.935275
0.000010 0.065947 0.934043
0.000010 0.075291 0.924699
0.000010 0.082923 0.917067
0.000010 0.076691 0.923299
0.000010 0.087739 0.912251
0.000010 0.085263 0.914727
0.000010 0.081549 0.918441
0.000010 0.094950 0.905040
0.000010 0.096907 0.903083
0.000010 0.104140 0.895850
0.000010 0.110587 0.889403
0.000010 0.107206 0.892784
0.000010 0.114559 0.885431
0.000010 0.111481 0.888509
0.000010 0.127098 0.872892
0.000010 0.123132 0.876858
0.000010 0.130404 0.869586
0.000010 0.128129 0.871861
0.000010 0.130687 0.869303
0.000010 0.138663 0.861327
0.000010 0.146101 0.853889
0.000010 0.147117 0.852873
0.000010 0.154932 0.845058
0.000010 0.151782 0.848208
0.000010 0.160687 0.839303
0.000010 0.171010 0.828980
0.000010 0.174477 0.825513
0.000010 0.171460 0.828530
0.000010 0.183692 0.816298
0.000010 0.180571 0.819419
0.000010 0.189748 0.810242
0.000010 0.185166 0.814824
0.000010 0.197799 0.802191
0.000010 0.199180 0.800810
0.000010 0.203776 0.796214
0.000010 0.219814 0.780176
0.000010 0.219907 0.780083
0.000010 0.219352 0.780638
0.000010 0.220186 0.779804
0.000010 0.230295 0.769695
0.000010 0.229506 0.770484
0.000010 0.233972 0.766018
0.000010 0.240195 0.759795
0.000010 0.248482 0.751508
0.000010 0.255660 0.744330
0.000010 0.251644 0.748346
0.000010 0.258379 0.741611
0.000010 0.263750 0.736240
0.000010 0.270322 0.729668
0.000010 0.280764 0.719226
0.000010 0.285141 0.714849
0.000010 0.291323 0.708667
0.000010 0.284128 0.715862
0.000010 0.295212 0.704778
0.000010 0.296185 0.703805
0.000010 0.299128 0.700862
0.000010 0.309028 0.690962
0.000010 0.318573 0.681417
0.000010 0.310518 0.689472
0.000010 0.318727 0.681263
0.000010 0.319427 0.680563
0.000010 0.325357 0.674633
0.000010 0.330336 0.669654
0.000010 0.352560 0.647430
0.000010 0.346597 0.653393
0.000010 0.357579 0.642411
0.000010 0.360956 0.639034
0.000010 0.352215 0.647775
0.000010 0.377850 0.622140
0.000010 0.373738 0.626252
0.000010 0.376517 0.623473
0.000010 0.382687 0.617303
0.000010 0.389638 0.610352
0.000010 0.394511 0.605479
0.000010 0.400662 0.599328
0.000010 0.398202 0.601788
0.000010 0.410914 0.589076
0.000010 0.411954 0.588036
0.000010 0.423181 0.576809
0.000010 0.424933 0.575057
0.000010 0.428420 0.571570
0.000010 0.435669 0.564321
0.000010 0.430332 0.569658
0.000010 0.432025 0.567965
0.000010 0.446243 0.553747
0.000010 0.449042 0.550948
0.000010 0.459670 0.540320
0.000010 0.452859 0.547131
0.000010 0.457254 0.542736
0.000010 0.471590 0.528400
0.002109 0.476856 0.521036
0.006273 0.474199 0.519528
0.006148 0.474675 0.519177
0.001971 0.486921 0.511108
0.002319 0.496344 0.501336
0.004521 0.496418 0.499061
0.002938 0.502945 0.494116
0.003917 0.507059 0.489024
0.008839 0.512088 0.479073
0.013957 0.506387 0.479656
0.011938 0.509793 0.478269
0.012160 0.515993 0.471847
0.012695 0.522643 0.464662
0.012279 0.526167 0.461554
0.020741 0.526638 0.452621
0.021261 0.532806 0.445933
0.019487 0.537646 0.442867
0.021871 0.538838 0.439291
0.022499 0.550182 0.427319
0.018021 0.553546 0.428433
0.028589 0.553147 0.418264
0.016477 0.560893 0.422630
0.022014 0.563046 0.414940
0.036490 0.555253 0.408257
0.028481 0.561507 0.410011
0.035975 0.559096 0.404928
0.039968 0.562595 0.397437
0.033072 0.567120 0.399809
0.043671 0.567253 0.389076
0.046524 0.575350 0.378125
0.049056 0.575434 0.375511
0.054383 0.586559 0.359058
0.047693 0.582608 0.369699
0.052263 0.582869 0.364868
0.048933 0.590822 0.360244
0.053673 0.590684 0.355643
0.064673 0.583596 0.351731
0.056727 0.603645 0.339629
0.060093 0.603282 0.336626
0.064910 0.600355 0.334736
0.065699 0.606823 0.327478
0.065215 0.615477 0.319308
0.074886 0.604467 0.320647
0.066405 0.612740 0.320855
0.073572 0.609441 0.316987
0.078448 0.612653 0.308899
0.080463 0.613260 0.306278
0.080953 0.615873 0.303174
0.087321 0.618964 0.293714
0.093217 0.615831 0.290952
0.094928 0.617316 0.287756
0.086640 0.635945 0.277415
0.093786 0.626876 0.279337
0.098500 0.623943 0.277557
0.096556 0.627824 0.275620
0.106450 0.632951 0.260599
0.112526 0.620921 0.266553
0.113114 0.634794 0.252092
0.111244 0.628128 0.260628
0.120932 0.630624 0.248444
0.120984 0.640004 0.239012
0.118946 0.635900 0.245154
0.117893 0.639166 0.242941
0.129419 0.639638 0.230944
0.119984 0.639454 0.240562
0.139233 0.642237 0.218529
0.137587 0.643301 0.219112
0.138773 0.646469 0.214758
0.146804 0.636843 0.216354
0.148874 0.646775 0.204351
0.148681 0.647450 0.203869
0.163998 0.639776 0.196225
0.163132 0.647337 0.189531
0.163727 0.640295 0.195978
0.173924 0.635437 0.190639
0.177775 0.637854 0.184370
0.166746 0.647969 0.185285
0.178281 0.641222 0.180497
0.187832 0.627445 0.184723
0.193476 0.625220 0.181304
0.181612 0.640328 0.178060
0.190329 0.634857 0.174813
0.198370 0.639146 0.162484
0.198382 0.649001 0.152617
0.206287 0.633852 0.159861
0.204378 0.640274 0.155348
0.215667 0.629292 0.155041
0.206280 0.645082 0.148638
0.215502 0.635915 0.148582
0.213887 0.637270 0.148843
0.223197 0.639155 0.137648
0.230138 0.635526 0.134336
0.237271 0.628395 0.134334
0.231562 0.637727 0.130711
0.238668 0.638881 0.122451
0.239122 0.635881 0.124997
0.248953 0.636754 0.114293
0.259138 0.622291 0.118571
0.248710 0.633322 0.117969
0.264550 0.624638 0.110812
0.257099 0.645046 0.097855
0.270036 0.634063 0.095900
0.272889 0.628195 0.098916
0.280880 0.625087 0.094033
0.282003 0.618304 0.099694
0.285951 0.614629 0.099420
0.288527 0.622520 0.088953
0.289782 0.621937 0.088281
0.293560 0.622623 0.083817
0.295401 0.626928 0.077672
0.308351 0.613750 0.077899
0.304559 0.619147 0.076293
0.313904 0.611998 0.074098
0.318129 0.608479 0.073392
0.320928 0.605914 0.073158
0.332325 0.601413 0.066261
0.336407 0.599404 0.064189
0.333017 0.604846 0.062137
0.343094 0.600211 0.056695
0.339624 0.598248 0.062127
0.350307 0.588227 0.061466
0.348737 0.597248 0.054015
0.359645 0.588295 0.052060
0.360139 0.579955 0.059905
0.365109 0.592375 0.042516
0.373553 0.572891 0.053557
0.373294 0.571380 0.055326
0.376470 0.577465 0.046066
0.389626 0.569759 0.040615
0.395411 0.561377 0.043212
0.391874 0.570377 0.037749
0.409729 0.555540 0.034731
0.406219 0.561482 0.032300
0.400974 0.556319 0.042708
0.419145 0.556381 0.024474
0.423943 0.549168 0.026889
0.425887 0.540757 0.033357
0.440729 0.538567 0.020703
0.442631 0.539115 0.018254
0.439279 0.535150 0.025571
0.441546 0.535992 0.022463
0.450993 0.545465 0.003542
0.456539 0.528505 0.014956
0.470001 0.523319 0.006681
0.470443 0.517309 0.012248
0.470827 0.514915 0.014258
0.479514 0.506267 0.014219
0.483496 0.510479 0.006025
0.492106 0.494478 0.013416
0.492539 0.500334 0.007127
0.495857 0.503984 0.000160
0.503422 0.487834 0.008744
0.506801 0.492484 0.000715
0.517854 0.470148 0.011997
0.516704 0.477958 0.005338
0.515793 0.484197 0.000010
0.526063 0.473927 0.000010
0.534664 0.465326 0.000010
0.536380 0.460681 0.002939
0.539271 0.460719 0.000010
0.544439 0.455551 0.000010
0.553599 0.446391 0.000010
0.552429 0.447561 0.000010
0.560453 0.439537 0.000010
0.565792 0.434198 0.000010
0.571667 0.428323 0.000010
0.572124 0.427866 0.000010
0.590039 0.409951 0.000010
0.590103 0.409887 0.000010
0.583380 0.416610 0.000010
0.595867 0.404123 0.000010
0.603818 0.396172 0.000010
0.607539 0.392451 0.000010
0.615317 0.384673 0.000010
0.610879 0.389111 0.000010
0.621421 0.378569 0.000010
0.635696 0.364294 0.000010
0.638204 0.361786 0.000010
0.640927 0.359063 0.000010
0.647731 0.352259 0.000010
0.644386 0.355604 0.000010
0.649243 0.350747 0.000010
0.658484 0.341506 0.000010
0.663711 0.336279 0.000010
0.667082 0.332908 0.000010
0.676006 0.323984 0.000010
0.677142 0.322848 0.000010
0.673637 0.326353 0.000010
0.681010 0.318980 0.000010
0.686671 0.313319 0.000010
0.691984 0.308006 0.000010
0.694155 0.305835 0.000010
0.701398 0.298592 0.000010
0.714710 0.285280 0.000010
0.708486 0.291504 0.000010
0.721159 0.278831 0.000010
0.718671 0.281319 0.000010
0.724294 0.275696 0.000010
0.736751 0.263239 0.000010
0.730767 0.269223 0.000010
0.744963 0.255027 0.000010
0.742689 0.257301 0.000010
0.751743 0.248247 0.000010
0.752535 0.247455 0.000010
0.764329 0.235661 0.000010
0.761024 0.238966 0.000010
0.770398 0.229592 0.000010
0.774724 0.225266 0.000010
0.769816 0.230174 0.000010
0.782687 0.217303 0.000010
0.793347 0.206643 0.000010
0.791075 0.208915 0.000010
0.794621 0.205369 0.000010
0.801843 0.198147 0.000010
0.799356 0.200634 0.000010
0.810871 0.189119 0.000010
0.810369 0.189621 0.000010
0.818893 0.181097 0.000010
0.827201 0.172789 0.000010
0.827187 0.172803 0.000010
0.826122 0.173868 0.000010
0.840013 0.159977 0.000010
0.838324 0.161666 0.000010
0.845000 0.154990 0.000010
0.846905 0.153085 0.000010
0.856755 0.143235 0.000010
0.852860 0.147130 0.000010
0.861852 0.138138 0.000010
0.867629 0.132361 0.000010
0.864749 0.135241 0.000010
0.874583 0.125407 0.000010
0.878646 0.121344 0.000010
0.879449 0.120541 0.000010
0.879905 0.120085 0.000010
0.893859 0.106131 0.000010
0.898745 0.101245 0.000010
0.902604 0.097386 0.000010
0.896513 0.103477 0.000010
0.897960 0.102030 0.000010
0.906444 0.093546 0.000010
0.908754 0.091236 0.000010
0.910830 0.089160 0.000010
0.917031 0.082959 0.000010
0.920950 0.079040 0.000010
0.928111 0.071879 0.000010
0.922447 0.077543 0.000010
0.931839 0.068151 0.000010
0.932515 0.067475 0.000010
0.940170 0.059820 0.000010
0.943907 0.056083 0.000010
0.943369 0.056621 0.000010
0.947535 0.052455 0.000010
0.947008 0.052982 0.000010
0.952282 0.047708 0.000010
0.953159 0.046831 0.000010
0.965722 0.034268 0.000010
0.957642 0.042348 0.000010
0.962001 0.037989 0.000010
0.967974 0.032016 0.000010
0.974149 0.025841 0.000010
0.975687 0.024303 0.000010
0.980609 0.019381 0.000010
0.980963 0.019027 0.000010
0.979918 0.020072 0.000010
0.986383 0.013607 0.000010
0.988101 0.011889 0.000010
0.990167 0.009823 0.000010
0.992269 0.007721 0.000010
0.991038 0.008952 0.000010
0.993910 0.006080 0.000010
0.999980 0.000010 0.000010
0.999980 0.000010 0.000010
0.999980 0.000010 0.000010
0.999980 0.000010 0.000010
0.999980 0.000010 0.000010
0.999980 0.000010 0.000010
0.999980 0.000010 0.000010
0.999980 0.000010 0.000010
0.999980 0.000010 0.000010
0.999980 0.000010 0.000010
0.999980 0.000010 0.000010
0.999980 0.000010 0.000010
0.999980 0.000010 0.000010
0.999980 0.000010 0.000010
0.999980 0.000010 0.000010
0.999980 0.000010 0.000010
0.999980 0.000010 0.000010
0.999980 0.000010 0.000010
0.999980 0.000010 0.000010
0.999980 0.000010 0.000010
0.999980 0.000010 0.000010
0.999980 0.000010 0.000010
0.999980 0.000010 0.000010
0.999980 0.000010 0.000010
0.999980 0.000010 0.000010
0.999980 0.000010 0.000010
0.999980 0.000010 0.000010
0.999980 0.000010 0.000010
0.999980 0.000010 0.000010
0.999980 0.000010 0.000010
0.999980 0.000010 0.000010
0.999980 0.000010 0.000010
0.999980 0.000010 0.000010
0.999980 0.000010 0.000010
0.999980 0.000010 0.000010
0.999980 0.000010 0.000010
0.999980 0.000010 0.000010
0.999980 0.000010 0.000010
0.999980 0.000010 0.000010
0.999980 0.000010 0.000010
0.999980 0.000010 0.000010
0.999980 0.000010 0.000010
0.999974 0.000016 0.000010
0.999980 0.000010 0.000010
0.999980 0.000010 0.000010
0.999980 0.000010 0.000010
0.999980 0.000010 0.000010
0.999980 0.000010 0.000010
0.999980 0.000010 0.000010
0.999980 0.000010 0.000010
0.999980 0.000010 0.000010
0.999980 0.000010 0.000010
0.999980 0.000010 0.000010
0.999980 0.000010 0.000010
0.999980 0.000010 0.000010
0.999980 0.000010 0.000010
0.999980 0.000010 0.000010
0.999980 0.000010 0.000010
